1.000000000000000000e+01
1.200000000000000000e+01
1.400000000000000000e+01
1.700000000000000000e+01
2.100000000000000000e+01
2.500000000000000000e+01
3.000000000000000000e+01
3.700000000000000000e+01
4.400000000000000000e+01
5.400000000000000000e+01
6.500000000000000000e+01
7.800000000000000000e+01
9.500000000000000000e+01
1.140000000000000000e+02
1.380000000000000000e+02
1.670000000000000000e+02
2.010000000000000000e+02
2.430000000000000000e+02
2.930000000000000000e+02
3.540000000000000000e+02
4.270000000000000000e+02
5.150000000000000000e+02
6.220000000000000000e+02
7.500000000000000000e+02
9.050000000000000000e+02
1.092000000000000000e+03
1.318000000000000000e+03
1.591000000000000000e+03
1.919000000000000000e+03
2.316000000000000000e+03
2.794000000000000000e+03
3.371000000000000000e+03
4.068000000000000000e+03
4.908000000000000000e+03
5.922000000000000000e+03
7.145000000000000000e+03
8.621000000000000000e+03
1.040100000000000000e+04
1.255000000000000000e+04
1.514200000000000000e+04
1.827000000000000000e+04
2.204300000000000000e+04
2.659600000000000000e+04
3.209000000000000000e+04
3.871800000000000000e+04
4.671500000000000000e+04
5.636400000000000000e+04
6.800600000000000000e+04
8.205200000000000000e+04
9.899900000000000000e+04
